##############################################################################         20 cenarios        ######################################################################################################
################################################################################################################################################################################################################
param	f_PV: 	1			2			3			4			5			6			7			8			9			10			11			12			13			14			15			16			17			18			19			20			:=
			1	0.000000	0.000000	0.000000	0.000000	0.000000	0.000000	0.000000	0.000000	0.000000	0.000000	0.000000	0.000000	0.000000	0.000000	0.000000	0.000000	0.000000	0.000000	0.000000	0.000000
			2	0.000000	0.000000	0.000000	0.000000	0.000000	0.000000	0.000000	0.000000	0.000000	0.000000	0.000000	0.000000	0.000000	0.000000	0.000000	0.000000	0.000000	0.000000	0.000000	0.000000
			3	0.000000	0.000000	0.000000	0.000000	0.000000	0.000000	0.000000	0.000000	0.000000	0.000000	0.000000	0.000000	0.000000	0.000000	0.000000	0.000000	0.000000	0.000000	0.000000	0.000000
			4	0.000000	0.000000	0.000000	0.000000	0.000000	0.000000	0.000000	0.000000	0.000000	0.000000	0.000000	0.000000	0.000000	0.000000	0.000000	0.000000	0.000000	0.000000	0.000000	0.000000
			5	0.000000	0.000000	0.000000	0.000000	0.000000	0.000000	0.000000	0.000000	0.000000	0.000000	0.000000	0.000000	0.000000	0.000000	0.000000	0.000000	0.000000	0.000000	0.000000	0.000000
			6	0.000000	0.000000	0.000000	0.000000	0.000000	0.000000	0.000000	0.000000	0.000000	0.000000	0.000000	0.000000	0.000000	0.000000	0.000000	0.000000	0.000000	0.000000	0.000000	0.000000
			7	0.000688	0.009707	0.001133	0.000000	0.060545	0.000300	0.014444	0.055207	0.000000	0.000000	0.000000	0.001650	0.020850	0.000000	0.000000	0.014125	0.000000	0.026083	0.000500	0.000000
			8	0.058125	0.143195	0.134800	0.045409	0.247636	0.044600	0.144711	0.260966	0.009000	0.044778	0.003100	0.033350	0.186400	0.025500	0.023389	0.147750	0.046179	0.218583	0.071125	0.004500
			9	0.182875	0.378000	0.424800	0.250136	0.442909	0.145000	0.360978	0.475586	0.080200	0.298778	0.051800	0.125900	0.410950	0.101250	0.246167	0.357250	0.284679	0.451833	0.232583	0.067333
			10	0.279750	0.591610	0.650067	0.452227	0.627091	0.207500	0.576556	0.652345	0.159400	0.546333	0.106900	0.237100	0.621200	0.163750	0.500944	0.515500	0.534071	0.640708	0.386542	0.148667
			11	0.351313	0.732293	0.757667	0.583318	0.743636	0.241600	0.733533	0.765034	0.226800	0.685778	0.169200	0.337800	0.753850	0.256750	0.653556	0.624000	0.687464	0.769458	0.492333	0.196167
			12	0.363188	0.805902	0.775867	0.638682	0.815182	0.284100	0.823467	0.830310	0.263800	0.755111	0.206500	0.386250	0.816400	0.280750	0.726611	0.692750	0.757786	0.839792	0.546250	0.204833
			13	0.365250	0.835488	0.711067	0.615455	0.837818	0.295200	0.852689	0.850655	0.241000	0.752667	0.204800	0.399450	0.830100	0.258500	0.708167	0.764375	0.768286	0.857583	0.538167	0.197167
			14	0.333375	0.801268	0.591200	0.515045	0.804364	0.273500	0.825289	0.820207	0.190600	0.705222	0.170500	0.384700	0.797150	0.222250	0.648833	0.768750	0.731821	0.823542	0.459083	0.171167
			15	0.272875	0.716000	0.433733	0.365636	0.730818	0.217100	0.743889	0.728517	0.124000	0.592333	0.149600	0.346500	0.713550	0.175750	0.539778	0.697250	0.636643	0.740042	0.370667	0.130833
			16	0.187688	0.581805	0.258000	0.204500	0.612182	0.161800	0.607978	0.597414	0.057800	0.417000	0.091600	0.289700	0.578500	0.089750	0.377556	0.556625	0.485500	0.608250	0.252917	0.070000
			17	0.082563	0.401317	0.090733	0.051318	0.451182	0.066200	0.427311	0.434621	0.007000	0.216778	0.023200	0.208400	0.390650	0.019000	0.192722	0.383625	0.289321	0.431542	0.115583	0.012167
			18	0.016063	0.196098	0.016600	0.003409	0.255636	0.023500	0.226467	0.252172	0.000000	0.072556	0.004100	0.113100	0.212550	0.000000	0.055889	0.195875	0.122250	0.231042	0.040083	0.000000
			19	0.003875	0.062585	0.004333	0.000000	0.102091	0.009500	0.091689	0.105172	0.000000	0.011778	0.000100	0.043350	0.092500	0.000000	0.004667	0.078625	0.017000	0.085708	0.011542	0.000000
			20	0.000000	0.011146	0.000067	0.000000	0.056909	0.001900	0.024867	0.047586	0.000000	0.000111	0.000000	0.006050	0.026900	0.000000	0.000000	0.018000	0.000000	0.028000	0.000000	0.000000
			21	0.000000	0.000000	0.000000	0.000000	0.001000	0.000000	0.000000	0.000000	0.000000	0.000000	0.000000	0.000000	0.000000	0.000000	0.000000	0.000000	0.000000	0.000000	0.000000	0.000000
			22	0.000000	0.000000	0.000000	0.000000	0.000000	0.000000	0.000000	0.000000	0.000000	0.000000	0.000000	0.000000	0.000000	0.000000	0.000000	0.000000	0.000000	0.000000	0.000000	0.000000
			23	0.000000	0.000000	0.000000	0.000000	0.000000	0.000000	0.000000	0.000000	0.000000	0.000000	0.000000	0.000000	0.000000	0.000000	0.000000	0.000000	0.000000	0.000000	0.000000	0.000000
			24	0.000000	0.000000	0.000000	0.000000	0.000000	0.000000	0.000000	0.000000	0.000000	0.000000	0.000000	0.000000	0.000000	0.000000	0.000000	0.000000	0.000000	0.000000	0.000000	0.000000
;

param	f_WT: 	1			2			3			4			5			6			7			8			9			10			11			12			13			14			15			16			17			18			19			20			:=
			1	0.501801	0.317088	0.326400	0.142388	0.264498	0.227241	0.238971	0.288280	0.305926	0.357713	0.219141	0.255341	0.393656	0.625323	0.277595	0.375239	0.181034	0.240882	0.171516	0.561373
			2	0.495125	0.315065	0.321774	0.131550	0.258112	0.237431	0.232744	0.287215	0.320398	0.369756	0.209692	0.261073	0.395778	0.641261	0.277640	0.382521	0.174321	0.232618	0.165380	0.558426
			3	0.478013	0.311773	0.318123	0.118281	0.257412	0.253145	0.223388	0.283189	0.330912	0.384933	0.215934	0.269068	0.396193	0.650593	0.279323	0.391781	0.167980	0.223770	0.153625	0.558681
			4	0.467385	0.311729	0.316364	0.111933	0.257486	0.258999	0.213545	0.278855	0.335490	0.400173	0.233292	0.271126	0.398031	0.649541	0.282241	0.403090	0.164297	0.216259	0.144414	0.549951
			5	0.461883	0.310618	0.313012	0.118889	0.252859	0.260567	0.204520	0.275094	0.327977	0.409535	0.248576	0.273170	0.392420	0.625000	0.284155	0.402206	0.160579	0.206019	0.139598	0.535732
			6	0.458233	0.307653	0.299901	0.127053	0.249874	0.276505	0.196644	0.271482	0.318104	0.418477	0.254301	0.279328	0.383270	0.593577	0.282265	0.402277	0.154527	0.196383	0.142438	0.502883
			7	0.461635	0.300968	0.287561	0.134193	0.239612	0.292736	0.187914	0.260335	0.323064	0.423549	0.257747	0.285170	0.370651	0.568534	0.274501	0.411985	0.149270	0.185114	0.146023	0.484077
			8	0.461032	0.285257	0.272233	0.138519	0.213535	0.314032	0.172404	0.240367	0.334171	0.421021	0.257274	0.288415	0.351673	0.554160	0.266499	0.418682	0.146279	0.157001	0.144220	0.464777
			9	0.466692	0.273115	0.244424	0.129714	0.199236	0.335744	0.157218	0.232853	0.328551	0.412865	0.244609	0.281784	0.334929	0.545104	0.252440	0.449699	0.137960	0.131279	0.134536	0.447564
			10	0.488566	0.266429	0.238425	0.115665	0.192936	0.370833	0.147453	0.228797	0.338549	0.443552	0.228302	0.284205	0.334826	0.562608	0.241788	0.468308	0.128055	0.116899	0.124833	0.443741
			11	0.503160	0.260883	0.231533	0.116026	0.190573	0.409176	0.143044	0.228668	0.366135	0.458973	0.222945	0.301118	0.331168	0.608512	0.249203	0.481642	0.129981	0.115854	0.127200	0.446807
			12	0.509773	0.260950	0.224673	0.114831	0.192519	0.441436	0.145468	0.235367	0.418285	0.456573	0.222763	0.310505	0.328290	0.626959	0.247459	0.492604	0.131684	0.125159	0.129403	0.436660
			13	0.505105	0.268259	0.223632	0.110482	0.203742	0.463941	0.157668	0.251422	0.460055	0.459664	0.229607	0.313731	0.326795	0.649959	0.245200	0.501643	0.128992	0.148552	0.137181	0.424210
			14	0.486078	0.286404	0.221815	0.105783	0.225444	0.482690	0.175222	0.275562	0.484544	0.466471	0.237851	0.310476	0.328551	0.677571	0.243214	0.526041	0.137510	0.187022	0.142679	0.407443
			15	0.462158	0.314517	0.209163	0.110413	0.256152	0.500760	0.195069	0.302512	0.515427	0.474214	0.238974	0.302492	0.336351	0.706330	0.242016	0.554322	0.155442	0.226110	0.147476	0.389823
			16	0.435684	0.338511	0.198133	0.124059	0.285297	0.523604	0.218368	0.324684	0.542716	0.479205	0.236709	0.289813	0.342341	0.729605	0.242815	0.575308	0.179329	0.258615	0.148524	0.374825
			17	0.404765	0.353709	0.199528	0.155752	0.303922	0.539648	0.240992	0.340459	0.565179	0.483326	0.235208	0.277222	0.341840	0.734503	0.271406	0.582178	0.207547	0.280812	0.155937	0.361180
			18	0.385711	0.362181	0.209848	0.189565	0.311374	0.548518	0.258578	0.349323	0.605123	0.485147	0.239046	0.266302	0.340045	0.726116	0.272592	0.571981	0.241334	0.295116	0.162222	0.347902
			19	0.377243	0.362190	0.220471	0.198878	0.309067	0.564811	0.269842	0.351497	0.632776	0.473932	0.239854	0.253675	0.339789	0.715303	0.275436	0.554226	0.275007	0.300936	0.165414	0.333142
			20	0.367389	0.347799	0.222363	0.186117	0.298526	0.586656	0.276604	0.344262	0.623045	0.466631	0.241182	0.250153	0.334210	0.683474	0.286139	0.528968	0.281065	0.296068	0.163198	0.315499
			21	0.358452	0.327689	0.221946	0.166075	0.288251	0.575225	0.273253	0.327654	0.607188	0.459324	0.243787	0.248824	0.316701	0.658227	0.285509	0.512265	0.255172	0.285944	0.161433	0.293483
			22	0.352959	0.314557	0.223874	0.151244	0.282859	0.555792	0.261137	0.317021	0.596721	0.445836	0.253020	0.240313	0.305030	0.665432	0.281248	0.493064	0.228195	0.272363	0.167806	0.278229
			23	0.352427	0.306363	0.230322	0.144377	0.277997	0.549967	0.251733	0.311508	0.595785	0.429257	0.270149	0.234527	0.298918	0.674740	0.281131	0.476134	0.207707	0.262776	0.181281	0.268511
			24	0.353909	0.300429	0.230150	0.140024	0.274387	0.547290	0.246924	0.309343	0.594686	0.410783	0.294772	0.230699	0.301783	0.672302	0.280566	0.461360	0.192691	0.255641	0.203747	0.259742
;	
		
param	f_SD: 	1			2			3			4			5			6			7			8			9			10			11			12			13			14			15			16			17			18			19			20			:=
			1	0.563226	0.818780	0.553546	0.880534	0.686587	0.568660	0.578716	0.730954	0.889759	0.869851	0.921395	0.539967	0.578049	0.601340	0.896882	0.603295	0.820468	0.845381	0.556025	0.895812
			2	0.541540	0.772332	0.534494	0.842837	0.664057	0.547094	0.558372	0.701237	0.862708	0.826050	0.882100	0.521139	0.560047	0.572303	0.861347	0.581360	0.782849	0.798466	0.532963	0.861576
			3	0.508538	0.706593	0.504427	0.786415	0.613355	0.513976	0.520770	0.646876	0.809658	0.767958	0.820689	0.491895	0.522982	0.526327	0.805014	0.537865	0.728510	0.725829	0.499049	0.820150
			4	0.478583	0.645386	0.474618	0.730657	0.563086	0.480582	0.484056	0.592771	0.757649	0.712568	0.759980	0.462967	0.486693	0.490135	0.744241	0.498445	0.666924	0.658363	0.468681	0.771798
			5	0.459756	0.603647	0.453192	0.699771	0.525556	0.460139	0.457983	0.550717	0.720290	0.671118	0.720839	0.440984	0.460770	0.463958	0.704832	0.470790	0.636544	0.606922	0.447181	0.715870
			6	0.444840	0.571798	0.440275	0.675436	0.498190	0.445318	0.439608	0.520087	0.695596	0.642160	0.693247	0.426298	0.441702	0.445634	0.677362	0.452535	0.610737	0.570239	0.432099	0.689223
			7	0.437011	0.549807	0.432350	0.661072	0.481007	0.435675	0.427098	0.498636	0.679240	0.622497	0.676700	0.415949	0.430767	0.435302	0.660930	0.441592	0.593253	0.544005	0.424210	0.673771
			8	0.434949	0.537915	0.432071	0.657586	0.471214	0.431620	0.421444	0.485726	0.709105	0.614094	0.671401	0.411794	0.425704	0.433767	0.655037	0.435640	0.584044	0.528455	0.422741	0.700691
			9	0.443549	0.540904	0.442823	0.672772	0.474481	0.439986	0.426246	0.484970	0.681846	0.620696	0.685705	0.418171	0.430802	0.442043	0.667232	0.440899	0.588288	0.527253	0.433452	0.677608
			10	0.466937	0.564312	0.470796	0.715590	0.493059	0.463755	0.445181	0.498137	0.713129	0.650490	0.727310	0.436402	0.448952	0.464625	0.705736	0.463560	0.611280	0.544593	0.460208	0.742396
			11	0.503465	0.600930	0.509896	0.779788	0.514050	0.494766	0.469666	0.513612	0.759552	0.697801	0.794283	0.464576	0.467661	0.509752	0.772191	0.495603	0.652394	0.569858	0.500366	0.761311
			12	0.517422	0.622039	0.519486	0.809329	0.534316	0.503127	0.484535	0.531871	0.801954	0.720669	0.828079	0.475400	0.480964	0.525914	0.806939	0.510224	0.672227	0.595208	0.513599	0.814940
			13	0.519022	0.639016	0.506405	0.804875	0.551457	0.496286	0.489288	0.549144	0.800131	0.727443	0.827743	0.474876	0.488063	0.528429	0.804919	0.509606	0.678363	0.621785	0.503565	0.804649
			14	0.517953	0.654971	0.482761	0.795669	0.563377	0.490203	0.491106	0.562802	0.776769	0.730192	0.821376	0.474022	0.480477	0.480832	0.798300	0.512796	0.684568	0.646273	0.493020	0.806270
			15	0.515246	0.672249	0.474306	0.787527	0.573087	0.488125	0.486481	0.578618	0.796315	0.731124	0.813606	0.473808	0.489500	0.526327	0.794114	0.514344	0.689801	0.676627	0.484154	0.804274
			16	0.500608	0.692878	0.467182	0.784548	0.581657	0.484088	0.490320	0.596152	0.768427	0.732152	0.807815	0.468681	0.486920	0.523081	0.792507	0.488287	0.696378	0.711863	0.475820	0.796726
			17	0.508494	0.719078	0.459561	0.787610	0.588118	0.481105	0.491644	0.616531	0.803347	0.733995	0.808432	0.465751	0.484657	0.521987	0.794536	0.509475	0.710006	0.752867	0.470696	0.794083
			18	0.495675	0.753972	0.454975	0.799342	0.602227	0.483664	0.489240	0.644355	0.785758	0.744741	0.814667	0.466145	0.488152	0.471249	0.808874	0.487231	0.733535	0.797976	0.469418	0.796558
			19	0.497516	0.788311	0.462457	0.813160	0.619460	0.491510	0.504275	0.674767	0.822224	0.760548	0.823753	0.468091	0.485272	0.520879	0.825857	0.508483	0.763448	0.842928	0.472714	0.803663
			20	0.501314	0.820758	0.465828	0.806147	0.639807	0.502423	0.513615	0.706379	0.816588	0.778415	0.840385	0.474270	0.486269	0.527539	0.852518	0.513402	0.796689	0.882409	0.485356	0.823490
			21	0.519219	0.844423	0.498562	0.841674	0.660475	0.524245	0.527596	0.733373	0.860689	0.805478	0.879689	0.488555	0.517652	0.541713	0.892438	0.527830	0.829539	0.909464	0.511642	0.869061
			22	0.562979	0.859380	0.537253	0.896720	0.679846	0.562424	0.541022	0.754214	0.916490	0.845540	0.924996	0.510880	0.536175	0.571781	0.936839	0.536124	0.860162	0.922390	0.552898	0.930583
			23	0.579177	0.856203	0.560888	0.929728	0.690498	0.577763	0.556796	0.759578	0.913329	0.854883	0.934016	0.522736	0.553478	0.583861	0.946202	0.553998	0.869693	0.914547	0.572914	0.931762
			24	0.575292	0.841856	0.561648	0.910050	0.689056	0.572492	0.577693	0.746593	0.900133	0.848896	0.920608	0.536267	0.567668	0.578464	0.939807	0.570846	0.865089	0.886924	0.575845	0.918431
;

param: S: 	prob		:=
1	  0.043835616
2	  0.112328767
3	  0.04109589
4	  0.060273973
5	  0.030136986
6	  0.02739726
7	  0.123287671
8	  0.079452055
9	  0.01369863
10	0.024657534
11	0.02739726
12	0.054794521
13	0.054794521
14	0.010958904
15	0.049315068
16	0.021917808
17	0.076712329
18	0.065753425
19	0.065753425
20	0.016438356
;

##############################################################################         Pior Cenario        ######################################################################################################
#################################################################################################################################################################################################################
param	f_PV: 	1			:= 
1	  0.0000000
2	  0.0000000
3	  0.0000000
4	  0.0000000
5	  0.0000000
6	  0.0000000
7	  0.0000000
8	  0.0031000
9	  0.0518000
10	0.1069000
11	0.1692000
12	0.2048333
13	0.1971667
14	0.1705000
15	0.1240000
16	0.0578000
17	0.0070000
18	0.0000000
19	0.0000000
20	0.0000000
21	0.0000000
22	0.0000000
23	0.0000000
24	0.0000000
;

param	f_WT: 	1			:= 
1	  0.1423876
2	  0.1315497
3	  0.1182809
4	  0.1119332
5	  0.1188891
6	  0.1270529
7	  0.1341934
8	  0.1385186
9	  0.1297140
10	0.1156654
11	0.1158538
12	0.1148312
13	0.1104821
14	0.1057833
15	0.1104126
16	0.1240594
17	0.1557520
18	0.1622220
19	0.1654141
20	0.1631978
21	0.1614334
22	0.1512443
23	0.1443775
24	0.1400241
;		
		
param	f_SD: 	1			:= 
1	  0.9213953
2	  0.8820997
3	  0.8206889
4  	0.7717979
5	  0.7208393
6	  0.6955963
7	  0.6792404
8	  0.7091051
9	  0.6857048
10	0.7423959
11	0.7942829
12	0.8280789
13	0.8277427
14	0.8213759
15	0.8136061
16	0.8078147
17	0.8084325
18	0.8146665
19	0.8429278
20	0.8824090
21	0.9094643
22	0.9368387
23	0.9462025
24	0.9398067
;

param: S: 	prob		:=
		1	      1
;
