###############################################
############# Microgrid data ##################
###############################################

Nominal voltage	= 12.66 kV
Dt		= 1		
beta 		= 0.999	
alpha 		= 0.95
V_max		= 1.05
V_min		= 0.95

########### Energy purchase/sale cost ###########
Hours		purchase	Sale
1		0.12		0.08
2		0.12    	0.08
3		0.12    	0.08
4		0.12    	0.08
5		0.12    	0.08
6		0.12    	0.08
7		0.12    	0.08
8		0.12    	0.08
9		0.12    	0.08
10 		0.12    	0.08
11 		0.12    	0.08
12 		0.12    	0.08
13 		0.12    	0.08
14 		0.12    	0.08
15 		0.12    	0.08
16 		0.12    	0.08
17 		0.12    	0.08
18 		0.40    	0.25
19 		0.40    	0.25
20 		0.40    	0.25
21 		0.40    	0.25
22 		0.12    	0.08
23 		0.12    	0.08
24 		0.12    	0.08 

################# PVs data ################
Node 	Power 
#	kw
6	1e3
24	1e3
25	1e3


################# WTs data ################
Node 	Power 
#	kw
17	1e3
13	1e3		


################# Conventional generators data ################
_S_DG	:= 1e3

Node: 	pf	R_up	R_down	c_DG	H	n_f	F0	F_	
1	0.9	300	-300	0.20	10	0.35	1500	55	
11	0.9     300	-300    0.20   	10  	0.35	1500	55


################## Energy storage system data ################
Node 	c_ESS_c 	c_ESS_d		capacity	e	n_c	n_d	_P_c	_P_d	_SOC	SOC_	SOC_0	SOC__tao	
25 	0.05		0.05		1e3		0.0001	0.95	0.97	200	500	980	200	200	200
6 	0.05		0.05		1e3		0.0001	0.95	0.97	200	500	980	200	200	200	


#################### Electric Vehicle Data ###################
param: EV: 	c_EV_c 		c_EV_d		EC		nv_c	nv_d	_EV_c	_EV_d	_SOC_EV		SOC_EV_		SOC_EV_0	SOC_EV_tao	:=		
		
12 		0.05		0.05		50		0.95	0.97	 25	25	45		5		5		35		
21 		0.05		0.05		50		0.95	0.97	25	25	45		5		5		35			
3 		0.05		0.05		50		0.95	0.97	25	25	45		5		5		35		
20 		0.05		0.05		50		0.95	0.97	25	25	45		5		5		35			
31 		0.05		0.05		50		0.95	0.97	25	25	45		5		5		35
4 		0.05		0.05		50		0.95	0.97	25	25	45		5		5		35
7 		0.05		0.05		50		0.95	0.97	25	25	45		5		5		35
15  		0.05		0.05		50		0.95	0.97	25	25	45		5		5		35
25  		0.05		0.05		50		0.95	0.97	25	25	45		5		5		35	
30   		0.05		0.05		50		0.95	0.97	25	25	45		5		5		35	



########################### Nodes data #######################
Node		Pd	Qd	LS_cost		Import limit
		kW	kVAr	$/kW		MVA
0		000.0	000.0	1.0		20.0
1		100.0	060.0	1.0		0.0
2		090.0	040.0	1.0		0.0
3		120.0	080.0	1.0		0.0
4		060.0	030.0	3.5		0.0
5		060.0	020.0	3.5		0.0
6		200.0	100.0	3.5		0.0
7		200.0	100.0	1.0		0.0
8		060.0	020.0	1.0		0.0
9		060.0	020.0	1.0		0.0
10		045.0	030.0	1.0		0.0
11		060.0	035.0	1.0		0.0
12		060.0	035.0	1.0		0.0
13		120.0	080.0	1.0		0.0
14		060.0	010.0	3.5		0.0
15		060.0	020.0	3.5		0.0
16		060.0	020.0	3.5		0.0
17		090.0	040.0	3.5		0.0
18		090.0	040.0	3.5		0.0
19		090.0	040.0	1.0		0.0
20		090.0	040.0	1.0		0.0
21		090.0	040.0	1.0		0.0
22		090.0	050.0	1.0		0.0
23		420.0	200.0	1.0		0.0
24		420.0	200.0	1.0		0.0
25		060.0	025.0	7.0		0.0
26		060.0	025.0	7.0		0.0
27		060.0	020.0	7.0		0.0
28		120.0	070.0	7.0		0.0
29		200.0	600.0	3.5		0.0
30		150.0	070.0	3.5		0.0
31		210.0	100.0	3.5		0.0
32		060.0	040.0	3.5		0.0


               

########################### Line data #######################
Lines			R	X	Imax
l	m	n	ohm	ohm	A
1	0	1	0.0922	0.0470	300
2	1	2	0.4930	0.2511	300
3	2	3	0.3660	0.1864	300
4	3	4	0.3811	0.1941	300
5	4	5	0.8190	0.7070	300
6	5	6	0.1872	0.6188	300
7	6	7	0.7114	0.2351	300
8	7	8	1.0300	0.7400	300
9	8	9	1.0440	0.7400	300
10	9	10	0.1966	0.0650	300
11	10	11	0.3744	0.1238	300
12	11	12	1.4680	1.1550	300
13	12	13	0.5416	0.7129	300
14	13	14	0.5910	0.5260	300
15	14	15	0.7463	0.5450	300
16	15	16	1.2890	1.7210	300
17	16	17	0.7320	0.5740	300
18	1	18	0.1640	0.1565	300
19	18	19	1.5042	1.3554	300
20	19	20	0.4095	0.4784	300
21	20	21	0.7089	0.9373	300
22	2	22	0.4512	0.3083	300
23	22	23	0.8980	0.7091	300
24	23	24	0.8960	0.7011	300
25	5	25	0.2030	0.1034	300
26	25	26	0.2842	0.1447	300
27	26	27	1.0590	0.9337	300
28	27	28	0.8042	0.7006	300
29	28	29	0.5075	0.2585	300
30	29	30	0.9744	0.9630	300
31	30	31	0.3105	0.3619	300
32	31	32	0.3410	0.5302	300
